000000
000001
000006
000010
000011
000018
000019
000021
000022
000026
000042
000044
000045
000049
000060
000064
000068
000082
000122
000129
000133
000141
000142
000146
000147
000149
000157
000160
000178
000182
000183
000188
000189
000191
000192
000195
000203
000204
000205
000209
000217
000233
000234
000235
000243
000247
000248
000262
000266
000272
000273
000281
000285
000291
000301
000319
000324
000339
000340
000341
000344
000347
000352
000362
000369
000372
000374
000375
000380
000390
000392
000393
000396
000407
000419
000421
000423
000424
000428
000429
000438
000444
000447
000454
000463
000487
000500
000510
000513
000525
000527
000528
000529
000531
000532
000535
000543
000544
000553
000558
000562
000570
000572
000574
000579
000580
000581
000582
000591
000593
000599
000608
000615
000621
000627
000632
000649
000655
000661
000666
000673
000686
000690
000693
000697
000698
000703
000705
000707
000712
000713
000714
000719
000720
000721
000727
000737
000738
000739
000746
000756
000760
000775
000779
000781
000782
000783
000785
000789
000792
000794
000798
000799
000805
000821
000822
000831
000835
000836
000839
000844
000849
000851
000856
000865
000869
000877
000880
000882
000883
000884
000888
000890
000894
000899
000900
000907
000908
000913
000916
000919
000923
000926
000930
000932
000934
000936
000937
000938
000940
000941
000948
000949
000952
000955
000956
000958
000961
000965
000966
000968
000971
000972
000974
000982
000983
000988
000993
000997
000999
001001
001002
001008
001012
001013
001022
001025
001029
001030
001033
001042
001044
001045
001052
001053
001055
001057
001061
001064
001066
001068
001078
001080
001082
001088
001089
001090
001091
001094
001097
001098
001099
001101
001102
001103
001106
001107
001109
001111
001112
001113
001116
001117
001124
001125
001131
001132
001133
001135
001138
001140
001141
001143
001145
001146
001147
001148
001151
001152
001153
001154
001157
001158
001159
001160
001161
001164
001165
001171
001178
001180
001182
001185
001187
001191
001193
001194
001198
001199
001201
001208
001209
001213
001218
001220
001226
001227
001228
001230
001232
001233
001238
001247
001250
001251
001253
001258
001262
001263
001264
001266
001267
001268
001269
001270
001272
001273
001274
001277
001281
001282
001283
001284
001287
001288
001292
001293
001296
001301
001303
001304
001308
001309
001310
001311
001312
001316
001317
001318
001319
001326
001328
001332
001334
001335
001336
001356
001358
001363
001367
001374
001377
001378
001381
001387
001388
001400
001402
001405
001408
001411
001413
001414
001415
001417
001420
001422
001425
001433
001435
001438
001440
001441
001442
001450
001451
001454
001457
001458
001461
001478
001481
001482
001484
001487
001488
001494
001499
001507
001518
001520
001521
001522
001523
001524
001527
001528
001529
001530
001532
001533
001536
001538
001539
001540
001542
001544
001545
001546
001547
001550
001553
001555
001557
001561
001564
001567
001568
001569
001572
001573
001575
001576
001579
001582
001583
001588
001589
001593
001595
001596
001600
001601
001602
001603
001606
001608
001609
001610
001611
001612
001613
001615
001616
001617
001622
001623
001624
001625
001626
001629
001636
001638
001639
001640
001641
001642
001644
001645
001646
001647
001648
001649
001650
001651
001652
001654
001655
001657
001660
001661
001662
001663
001666
001667
001668
001669
001671
001673
001674
001675
001676
001679
001682
001683
001684
001685
001686
001687
001691
001692
001697
001698
001699
001701
001702
001705
001706
001707
001709
001710
001711
001712
001713
001714
001715
001717
001718
001720
001722
001723
001725
001726
001728
001729
001730
001731
001732
001733
001735
001737
001738
001739
001740
001743
001744
001746
001751
001752
001756
001758
001759
001763
001764
001767
001768
001776
001777
001779
001781
001783
001784
001785
001787
001788
001791
001792
001793
001794
001795
001796
001800
001801
001802
001809
001813
001814
001815
001819
001820
001822
001823
001825
001826
001827
001829
001830
001832
001834
001836
001837
001839
001843
001845
001846
001851
001852
001854
001855
001857
001860
001861
001863
001864
001865
001867
001872
001873
001875
001876
001877
001878
001880
001881
001882
001887
001888
001889
001890
001893
001896
001898
001899
001906
001915
001916
001918
001919
001920
001922
001924
001927
001928
001931
001933
001934
001937
001938
001939
001940
001941
001942
001953
001954
001956
001957
001966
001967
001969
001971
001972
001980
001981
001982
001992
001995
001996
001997
001999
002000
002001
002002
002005
002006
002008
002009
002010
002014
002016
002017
002018
002021
002022
002023
002024
002032
002039
002040
002047
002048
002049
002050
002051
002052
002056
002058
002059
002060
002062
002066
002067
002068
002073
002074
002076
002077
002093
002094
002096
002097
002100
002101
002102
002104
002105
002106
002107
002108
002110
002111
002118
002119
002120
002121
002125
002136
002137
002149
002150
002151
002153
002161
002167
002168
002169
002172
002180
002182
002188
002190
002192
002193
002194
002202
002203
002204
002205
002206
002207
002208
002209
002211
002215
002219
002231
002235
002237
002245
002248
002259
002260
002262
002267
002270
002271
002277
002279
002282
002286
002296
002297
002299
002307
002308
002309
002310
002313
002315
002316
002317
002318
002328
002332
002342
002346
002349
002350
002353
002356
002359
002360
002364
002368
002369
002370
002371
002372
002374
002377
002378
002379
002380
002381
002386
002387
002389
002390
002391
002392
002393
002394
002396
002397
002402
002404
002406
002409
002410
002411
002412
002414
002416
002417
002418
002420
002422
002423
002428
002429
002430
002434
002437
002439
002445
002447
002451
002454
002455
002458
002459
002461
002465
002467
002477
002478
002479
002487
002491
002492
002494
002495
002496
002498
002500
002501
002502
002505
002509
002519
002520
002524
002525
002530
002531
002532
002535
002538
002539
002541
002547
002548
002554
002556
002563
002564
002565
002566
002567
002571