000012
000017
000027
000067
000336
000337
000391
000399
000462
000482
000566
000641
000688
000689
000696
000726
000735
000740
000743
000765
000787
000788
000790
000931
000933
000953
000973
000990
001021
001065
001092
001115
001129
001130
001139
001142
001184
001204
001205
001212
001215
001221
001224
001231
001237
001239
001240
001248
001249
001302
001315
001371
001373
001428
001431
001455
001466
001470
001514
001519
001552
001556
001566
001570
001571
001574
001590
001591
001592
001614
001618
001619
001620
001621
001628
001633
001637
001643
001670
001680
001681
001693
001696
001704
001708
001742
001749
001750
001772
001773
001782
001789
001790
001803
001805
001806
001807
001808
001835
001847
001848
001849
001850
001868
001869
001870
001871
001885
001895
001900
001902
001903
001907
001923
001943
001950
001951
001961
001973
002007
002011
002037
002045
002046
002128
002139
002143
002144
002145
002146
002154
002155
002162
002163
002170
002171
002174
002175
002184
002196
002222
002226
002236
002240
002249
002265
002276
002303
002304
002312
002320
002321
002323
002324
002341
002354
002456
002457
002503
002504
002508
002557