000005
000009
000013
000020
000024
000030
000035
000063
000089
000090
000094
000105
000115
000140
000155
000158
000159
000210
000228
000238
000255
000265
000275
000292
000317
000356
000363
000383
000388
000395
000417
000450
000459
000465
000468
000509
000511
000520
000521
000541
000542
000548
000557
000564
000583
000605
000606
000665
000685
000687
000694
000715
000803
000827
000859
000879
000881
000885
000893
000901
000902
000915
000946
000951
001011
001031
001048
001049
001056
001058
001067
001110
001126
001134
001137
001150
001162
001166
001181
001189
001192
001197
001214
001219
001222
001225
001246
001313
001314
001327
001343
001383
001384
001401
001424
001432
001448
001475
001483
001496
001531
001549
001565
001578
001597
001605
001607
001627
001634
001635
001656
001665
001672
001678
001688
001690
001694
001700
001721
001724
001745
001753
001754
001755
001757
001774
001821
001842
001844
001894
001963
001965
002003
002089
002124
002132
002140
002176
002189
002195
002199
002210
002214
002221
002223
002224
002225
002232
002239
002241
002251
002256
002283
002294
002295
002298
002300
002301
002302
002305
002306
002311
002314
002319
002322
002325
002326
002327
002329
002330
002331
002333
002334
002335
002336
002337
002338
002339
002340
002343
002344
002345
002347
002348
002351
002352
002355
002357
002358
002361
002362
002363
002365
002366
002367
002373
002375
002376
002382
002383
002388
002395
002398
002399
002400
002403
002405
002407
002413
002415
002419
002421
002424
002425
002426
002427
002431
002435
002436
002438
002440
002446
002448
002449
002450
002452
002453
002460
002466
002468
002469
002470
002471
002472
002473
002474
002475
002476
002480
002481
002482
002483
002484
002485
002486
002488
002489
002493
002497
002499
002506
002507
002511
002514
002515
002516
002517
002518
002521
002522
002523
002526
002527
002528
002529
002533
002534
002537
002546
002555
002559
002560
002561
002562
002568
002569
002572
002574
BackupDB
Document
RawData